"classification","n","dataset","method"
"multiplet",530,"dataset_1","htodemux"
"negative",317,"dataset_1","htodemux"
"singlet",4312,"dataset_1","htodemux"
"total",5159,"dataset_1","htodemux"
